{
 "cells": [
  {
   "cell_type": "markdown",
   "metadata": {},
   "source": [
    "## Import Libraries"
   ]
  },
  {
   "cell_type": "code",
   "execution_count": 3,
   "metadata": {},
   "outputs": [],
   "source": [
    "# To ignore warnings\n",
    "import warnings\n",
    "warnings.filterwarnings(\"ignore\")\n",
    "import pandas as pd\n",
    "import numpy as np\n",
    "import matplotlib.pyplot as plt\n",
    "import seaborn as sns\n",
    "\n",
    "from sklearn.model_selection import train_test_split\n",
    "from sklearn.preprocessing import StandardScaler\n",
    "from sklearn.linear_model import LogisticRegression\n",
    "from sklearn.metrics import accuracy_score, confusion_matrix, precision_score, recall_score, f1_score\n",
    "from sklearn.model_selection import GridSearchCV\n",
    "from sklearn.cluster import KMeans\n",
    "from sklearn.preprocessing import LabelEncoder\n",
    "from sklearn.preprocessing import RobustScaler\n",
    "from sklearn.decomposition import PCA\n",
    "\n",
    "from sklearn import metrics\n",
    "\n",
    "%matplotlib inline"
   ]
  },
  {
   "cell_type": "markdown",
   "metadata": {},
   "source": [
    "## Load the Data"
   ]
  },
  {
   "cell_type": "code",
   "execution_count": 4,
   "metadata": {},
   "outputs": [
    {
     "data": {
      "text/html": [
       "<div>\n",
       "<style scoped>\n",
       "    .dataframe tbody tr th:only-of-type {\n",
       "        vertical-align: middle;\n",
       "    }\n",
       "\n",
       "    .dataframe tbody tr th {\n",
       "        vertical-align: top;\n",
       "    }\n",
       "\n",
       "    .dataframe thead th {\n",
       "        text-align: right;\n",
       "    }\n",
       "</style>\n",
       "<table border=\"1\" class=\"dataframe\">\n",
       "  <thead>\n",
       "    <tr style=\"text-align: right;\">\n",
       "      <th></th>\n",
       "      <th>player</th>\n",
       "      <th>team</th>\n",
       "      <th>name</th>\n",
       "      <th>position</th>\n",
       "      <th>height</th>\n",
       "      <th>age</th>\n",
       "      <th>appearance</th>\n",
       "      <th>goals</th>\n",
       "      <th>assists</th>\n",
       "      <th>yellow cards</th>\n",
       "      <th>...</th>\n",
       "      <th>goals conceded</th>\n",
       "      <th>clean sheets</th>\n",
       "      <th>minutes played</th>\n",
       "      <th>days_injured</th>\n",
       "      <th>games_injured</th>\n",
       "      <th>award</th>\n",
       "      <th>current_value</th>\n",
       "      <th>highest_value</th>\n",
       "      <th>position_encoded</th>\n",
       "      <th>winger</th>\n",
       "    </tr>\n",
       "  </thead>\n",
       "  <tbody>\n",
       "    <tr>\n",
       "      <th>0</th>\n",
       "      <td>/david-de-gea/profil/spieler/59377</td>\n",
       "      <td>Manchester United</td>\n",
       "      <td>David de Gea</td>\n",
       "      <td>Goalkeeper</td>\n",
       "      <td>189.0</td>\n",
       "      <td>32.0</td>\n",
       "      <td>104</td>\n",
       "      <td>0.000000</td>\n",
       "      <td>0.000000</td>\n",
       "      <td>0.009585</td>\n",
       "      <td>...</td>\n",
       "      <td>1.217252</td>\n",
       "      <td>0.335463</td>\n",
       "      <td>9390</td>\n",
       "      <td>42</td>\n",
       "      <td>5</td>\n",
       "      <td>13</td>\n",
       "      <td>15000000</td>\n",
       "      <td>70000000</td>\n",
       "      <td>1</td>\n",
       "      <td>0</td>\n",
       "    </tr>\n",
       "    <tr>\n",
       "      <th>1</th>\n",
       "      <td>/jack-butland/profil/spieler/128899</td>\n",
       "      <td>Manchester United</td>\n",
       "      <td>Jack Butland</td>\n",
       "      <td>Goalkeeper</td>\n",
       "      <td>196.0</td>\n",
       "      <td>30.0</td>\n",
       "      <td>15</td>\n",
       "      <td>0.000000</td>\n",
       "      <td>0.000000</td>\n",
       "      <td>0.069018</td>\n",
       "      <td>...</td>\n",
       "      <td>1.242331</td>\n",
       "      <td>0.207055</td>\n",
       "      <td>1304</td>\n",
       "      <td>510</td>\n",
       "      <td>58</td>\n",
       "      <td>1</td>\n",
       "      <td>1500000</td>\n",
       "      <td>22000000</td>\n",
       "      <td>1</td>\n",
       "      <td>0</td>\n",
       "    </tr>\n",
       "    <tr>\n",
       "      <th>2</th>\n",
       "      <td>/tom-heaton/profil/spieler/34130</td>\n",
       "      <td>Manchester United</td>\n",
       "      <td>Tom Heaton</td>\n",
       "      <td>Goalkeeper</td>\n",
       "      <td>188.0</td>\n",
       "      <td>37.0</td>\n",
       "      <td>4</td>\n",
       "      <td>0.000000</td>\n",
       "      <td>0.000000</td>\n",
       "      <td>0.000000</td>\n",
       "      <td>...</td>\n",
       "      <td>0.616438</td>\n",
       "      <td>0.924658</td>\n",
       "      <td>292</td>\n",
       "      <td>697</td>\n",
       "      <td>84</td>\n",
       "      <td>4</td>\n",
       "      <td>600000</td>\n",
       "      <td>6000000</td>\n",
       "      <td>1</td>\n",
       "      <td>0</td>\n",
       "    </tr>\n",
       "    <tr>\n",
       "      <th>3</th>\n",
       "      <td>/lisandro-martinez/profil/spieler/480762</td>\n",
       "      <td>Manchester United</td>\n",
       "      <td>Lisandro Martínez</td>\n",
       "      <td>Defender Centre-Back</td>\n",
       "      <td>175.0</td>\n",
       "      <td>25.0</td>\n",
       "      <td>82</td>\n",
       "      <td>0.028090</td>\n",
       "      <td>0.056180</td>\n",
       "      <td>0.224719</td>\n",
       "      <td>...</td>\n",
       "      <td>0.000000</td>\n",
       "      <td>0.000000</td>\n",
       "      <td>6408</td>\n",
       "      <td>175</td>\n",
       "      <td>22</td>\n",
       "      <td>9</td>\n",
       "      <td>50000000</td>\n",
       "      <td>50000000</td>\n",
       "      <td>2</td>\n",
       "      <td>0</td>\n",
       "    </tr>\n",
       "    <tr>\n",
       "      <th>4</th>\n",
       "      <td>/raphael-varane/profil/spieler/164770</td>\n",
       "      <td>Manchester United</td>\n",
       "      <td>Raphaël Varane</td>\n",
       "      <td>Defender Centre-Back</td>\n",
       "      <td>191.0</td>\n",
       "      <td>30.0</td>\n",
       "      <td>63</td>\n",
       "      <td>0.017889</td>\n",
       "      <td>0.017889</td>\n",
       "      <td>0.053667</td>\n",
       "      <td>...</td>\n",
       "      <td>0.000000</td>\n",
       "      <td>0.000000</td>\n",
       "      <td>5031</td>\n",
       "      <td>238</td>\n",
       "      <td>51</td>\n",
       "      <td>21</td>\n",
       "      <td>40000000</td>\n",
       "      <td>80000000</td>\n",
       "      <td>2</td>\n",
       "      <td>0</td>\n",
       "    </tr>\n",
       "  </tbody>\n",
       "</table>\n",
       "<p>5 rows × 22 columns</p>\n",
       "</div>"
      ],
      "text/plain": [
       "                                     player               team  \\\n",
       "0        /david-de-gea/profil/spieler/59377  Manchester United   \n",
       "1       /jack-butland/profil/spieler/128899  Manchester United   \n",
       "2          /tom-heaton/profil/spieler/34130  Manchester United   \n",
       "3  /lisandro-martinez/profil/spieler/480762  Manchester United   \n",
       "4     /raphael-varane/profil/spieler/164770  Manchester United   \n",
       "\n",
       "                name              position  height   age  appearance  \\\n",
       "0       David de Gea            Goalkeeper   189.0  32.0         104   \n",
       "1       Jack Butland            Goalkeeper   196.0  30.0          15   \n",
       "2         Tom Heaton            Goalkeeper   188.0  37.0           4   \n",
       "3  Lisandro Martínez  Defender Centre-Back   175.0  25.0          82   \n",
       "4     Raphaël Varane  Defender Centre-Back   191.0  30.0          63   \n",
       "\n",
       "      goals   assists  yellow cards  ...  goals conceded  clean sheets  \\\n",
       "0  0.000000  0.000000      0.009585  ...        1.217252      0.335463   \n",
       "1  0.000000  0.000000      0.069018  ...        1.242331      0.207055   \n",
       "2  0.000000  0.000000      0.000000  ...        0.616438      0.924658   \n",
       "3  0.028090  0.056180      0.224719  ...        0.000000      0.000000   \n",
       "4  0.017889  0.017889      0.053667  ...        0.000000      0.000000   \n",
       "\n",
       "   minutes played  days_injured  games_injured  award  current_value  \\\n",
       "0            9390            42              5     13       15000000   \n",
       "1            1304           510             58      1        1500000   \n",
       "2             292           697             84      4         600000   \n",
       "3            6408           175             22      9       50000000   \n",
       "4            5031           238             51     21       40000000   \n",
       "\n",
       "   highest_value  position_encoded  winger  \n",
       "0       70000000                 1       0  \n",
       "1       22000000                 1       0  \n",
       "2        6000000                 1       0  \n",
       "3       50000000                 2       0  \n",
       "4       80000000                 2       0  \n",
       "\n",
       "[5 rows x 22 columns]"
      ]
     },
     "execution_count": 4,
     "metadata": {},
     "output_type": "execute_result"
    }
   ],
   "source": [
    "df = pd.read_csv('final_data.csv')\n",
    "df.head()"
   ]
  },
  {
   "cell_type": "code",
   "execution_count": 5,
   "metadata": {},
   "outputs": [
    {
     "data": {
      "text/plain": [
       "(10754, 22)"
      ]
     },
     "execution_count": 5,
     "metadata": {},
     "output_type": "execute_result"
    }
   ],
   "source": [
    "df.shape"
   ]
  },
  {
   "cell_type": "markdown",
   "metadata": {},
   "source": [
    "## Preprocess the Data"
   ]
  },
  {
   "cell_type": "markdown",
   "metadata": {},
   "source": [
    "Irrelevant columns"
   ]
  },
  {
   "cell_type": "code",
   "execution_count": 6,
   "metadata": {},
   "outputs": [],
   "source": [
    "#drop irrelevant columns and Remove categorical columns to include only numerical data for K-means clustering\n",
    "df.drop(columns= 'player', inplace = True)\n",
    "df.drop(columns= 'position_encoded', inplace = True)\n",
    "df.drop(columns= 'winger', inplace = True)\n",
    "df.drop(columns=['name', 'team', 'position'], inplace=True)"
   ]
  },
  {
   "cell_type": "markdown",
   "metadata": {},
   "source": [
    "Outlier"
   ]
  },
  {
   "cell_type": "code",
   "execution_count": 7,
   "metadata": {},
   "outputs": [],
   "source": [
    "#I won't handle outliers manually; I will try to use RobustScaler to manage them"
   ]
  },
  {
   "cell_type": "markdown",
   "metadata": {},
   "source": [
    "#### 2. Feature engineering"
   ]
  },
  {
   "cell_type": "code",
   "execution_count": 8,
   "metadata": {},
   "outputs": [],
   "source": [
    "# Convert scaled values back to their original scale by multiplying with 'appearance'\n",
    "multiply = ['goals', 'assists', 'yellow cards', 'second yellow cards', 'red cards', 'goals conceded', 'clean sheets']\n",
    "\n",
    "for column in multiply:\n",
    "    name = column.replace(' ', '_') + '_total'  # Generate new column name by replacing spaces with underscores and appending '_total'\n",
    "    df[name] = (df[column] * df['appearance']).astype(int)  # Multiply the column values by 'appearance' and convert to integers\n"
   ]
  },
  {
   "cell_type": "code",
   "execution_count": 9,
   "metadata": {},
   "outputs": [],
   "source": [
    "# Drop the original columns with scaled values \n",
    "df.drop(columns=['goals', 'assists', 'yellow cards', 'second yellow cards', 'red cards', 'goals conceded', 'clean sheets'], inplace=True)"
   ]
  },
  {
   "cell_type": "code",
   "execution_count": 10,
   "metadata": {},
   "outputs": [
    {
     "data": {
      "text/plain": [
       "(10754, 16)"
      ]
     },
     "execution_count": 10,
     "metadata": {},
     "output_type": "execute_result"
    }
   ],
   "source": [
    "df.shape"
   ]
  },
  {
   "cell_type": "code",
   "execution_count": 11,
   "metadata": {},
   "outputs": [
    {
     "data": {
      "text/plain": [
       "Index(['height', 'age', 'appearance', 'minutes played', 'days_injured',\n",
       "       'games_injured', 'award', 'current_value', 'highest_value',\n",
       "       'goals_total', 'assists_total', 'yellow_cards_total',\n",
       "       'second_yellow_cards_total', 'red_cards_total', 'goals_conceded_total',\n",
       "       'clean_sheets_total'],\n",
       "      dtype='object')"
      ]
     },
     "execution_count": 11,
     "metadata": {},
     "output_type": "execute_result"
    }
   ],
   "source": [
    "df.columns"
   ]
  },
  {
   "cell_type": "markdown",
   "metadata": {},
   "source": [
    "#### 3. Feature selection"
   ]
  },
  {
   "cell_type": "markdown",
   "metadata": {},
   "source": [
    "1. Select features based on correlation"
   ]
  },
  {
   "cell_type": "code",
   "execution_count": 12,
   "metadata": {},
   "outputs": [
    {
     "name": "stdout",
     "output_type": "stream",
     "text": [
      "current_value                1.000000\n",
      "highest_value                0.834553\n",
      "minutes played               0.420542\n",
      "appearance                   0.419656\n",
      "assists_total                0.405865\n",
      "goals_total                  0.357890\n",
      "award                        0.300454\n",
      "yellow_cards_total           0.261134\n",
      "games_injured                0.135654\n",
      "days_injured                 0.107686\n",
      "second_yellow_cards_total    0.049543\n",
      "red_cards_total              0.045557\n",
      "height                       0.040535\n",
      "clean_sheets_total           0.023668\n",
      "goals_conceded_total        -0.000181\n",
      "age                         -0.050156\n",
      "Name: current_value, dtype: float64\n"
     ]
    }
   ],
   "source": [
    "# the correlation values of 'current_value' with all other numerical columns, sorted in descending order\n",
    "correlation = df.corr(numeric_only=True)\n",
    "print(correlation['current_value'].sort_values(ascending=False))\n"
   ]
  },
  {
   "cell_type": "code",
   "execution_count": 13,
   "metadata": {},
   "outputs": [
    {
     "data": {
      "text/plain": [
       "Index(['appearance', 'minutes played', 'current_value', 'highest_value',\n",
       "       'assists_total'],\n",
       "      dtype='object')"
      ]
     },
     "execution_count": 13,
     "metadata": {},
     "output_type": "execute_result"
    }
   ],
   "source": [
    "# Define the correlation threshold\n",
    "threshold = 0.4  \n",
    "\n",
    "# Filter and select features with a correlation greater than the threshold\n",
    "selected_features = correlation[abs(correlation['current_value']) > threshold]['current_value'].index\n",
    "\n",
    "# Display the selected feature names\n",
    "selected_features\n"
   ]
  },
  {
   "cell_type": "markdown",
   "metadata": {},
   "source": [
    "**#Now, let's see the selected features and filter out multicollinearity.**"
   ]
  },
  {
   "cell_type": "code",
   "execution_count": 14,
   "metadata": {},
   "outputs": [],
   "source": [
    "#First, let's see the correlation between the columns.\n",
    "df_num = df.select_dtypes(include=['number']) # Select numerical columns from the DataFrame\n",
    "\n",
    "# Calculate the correlation matrix for the numerical columns\n",
    "correlation = df_num.corr()"
   ]
  },
  {
   "cell_type": "code",
   "execution_count": 15,
   "metadata": {},
   "outputs": [
    {
     "data": {
      "application/vnd.plotly.v1+json": {
       "config": {
        "plotlyServerURL": "https://plot.ly"
       },
       "data": [
        {
         "coloraxis": "coloraxis",
         "hovertemplate": "x: %{x}<br>y: %{y}<br>color: %{z}<extra></extra>",
         "name": "0",
         "texttemplate": "%{z}",
         "type": "heatmap",
         "x": [
          "height",
          "age",
          "appearance",
          "minutes played",
          "days_injured",
          "games_injured",
          "award",
          "current_value",
          "highest_value",
          "goals_total",
          "assists_total",
          "yellow_cards_total",
          "second_yellow_cards_total",
          "red_cards_total",
          "goals_conceded_total",
          "clean_sheets_total"
         ],
         "xaxis": "x",
         "y": [
          "height",
          "age",
          "appearance",
          "minutes played",
          "days_injured",
          "games_injured",
          "award",
          "current_value",
          "highest_value",
          "goals_total",
          "assists_total",
          "yellow_cards_total",
          "second_yellow_cards_total",
          "red_cards_total",
          "goals_conceded_total",
          "clean_sheets_total"
         ],
         "yaxis": "y",
         "z": [
          [
           1,
           0.06365177062399664,
           0.06064117796530149,
           0.13288709133909585,
           0.059391602514593494,
           0.05490228458323143,
           0.013976187563614465,
           0.04053536951754009,
           0.036775815070784965,
           -0.004811604653375187,
           -0.1522777242557007,
           0.0030798486027032897,
           0.03044603001675268,
           0.02180008083555496,
           0.2912541305576885,
           0.25758488421705616
          ],
          [
           0.06365177062399664,
           1,
           0.13984570316204029,
           0.16901954291171897,
           0.3242668136698668,
           0.3430294419641042,
           0.3634778240346164,
           -0.050156027958007145,
           0.123467992471881,
           0.008985764016055805,
           0.024391096855872436,
           0.09010664938735184,
           0.01821436897491683,
           0.038182241087383655,
           0.1100208031473581,
           0.122987972784056
          ],
          [
           0.06064117796530149,
           0.13984570316204029,
           1,
           0.9453647050164989,
           0.1273688317538078,
           0.1475276692604631,
           0.22213907382398823,
           0.4196560172857329,
           0.41839428950196145,
           0.5093246000485926,
           0.5876365227900229,
           0.6861851766081181,
           0.19207973830352937,
           0.18010050671971586,
           0.10922117549494202,
           0.11463914247389533
          ],
          [
           0.13288709133909585,
           0.16901954291171897,
           0.9453647050164989,
           1,
           0.10758169473880164,
           0.12367414230538609,
           0.2145503064119532,
           0.4205415722483409,
           0.3993889442873285,
           0.38326536097384956,
           0.4725740208915395,
           0.6030920211765158,
           0.1871100142453388,
           0.17460233972215544,
           0.22385615450434515,
           0.22131171591741405
          ],
          [
           0.059391602514593494,
           0.3242668136698668,
           0.1273688317538078,
           0.10758169473880164,
           1,
           0.9541727032958321,
           0.2551243162858293,
           0.10768631699782132,
           0.23435178331310053,
           0.07194415594194824,
           0.08690215279016557,
           0.09604863511702942,
           0.026656945612808045,
           0.019485676678440866,
           -0.0023549004926497466,
           -0.001466485658726334
          ],
          [
           0.05490228458323143,
           0.3430294419641042,
           0.1475276692604631,
           0.12367414230538609,
           0.9541727032958321,
           1,
           0.30845950191587673,
           0.1356542080017363,
           0.285244413573598,
           0.08621081873374212,
           0.10668462613371821,
           0.11215753258199743,
           0.031149748469481823,
           0.02056000251599043,
           -0.00883605428522273,
           -0.003176461785058307
          ],
          [
           0.013976187563614465,
           0.3634778240346164,
           0.22213907382398823,
           0.2145503064119532,
           0.2551243162858293,
           0.30845950191587673,
           1,
           0.3004535109105001,
           0.5286412421452018,
           0.21739754565552066,
           0.2287473276104963,
           0.11747058920056572,
           0.018705558557564825,
           0.022972015839727147,
           0.03765714021973257,
           0.06963356655252526
          ],
          [
           0.04053536951754009,
           -0.050156027958007145,
           0.4196560172857329,
           0.4205415722483409,
           0.10768631699782132,
           0.1356542080017363,
           0.3004535109105001,
           1,
           0.8345530981111612,
           0.35788954304936893,
           0.4058653198132657,
           0.26113395549750074,
           0.04954269769549988,
           0.04555747467591882,
           -0.00018148651868221287,
           0.02366765693403681
          ],
          [
           0.036775815070784965,
           0.123467992471881,
           0.41839428950196145,
           0.3993889442873285,
           0.23435178331310053,
           0.285244413573598,
           0.5286412421452018,
           0.8345530981111612,
           1,
           0.3591048109706227,
           0.4045029880348203,
           0.2592217006359567,
           0.045603682957636164,
           0.054709658215193545,
           0.009203789617588071,
           0.03614575898778299
          ],
          [
           -0.004811604653375187,
           0.008985764016055805,
           0.5093246000485926,
           0.38326536097384956,
           0.07194415594194824,
           0.08621081873374212,
           0.21739754565552066,
           0.35788954304936893,
           0.3591048109706227,
           1,
           0.6243736871984018,
           0.3008720260322671,
           0.05879537677492212,
           0.060400812581506674,
           -0.13846302460819637,
           -0.12571183730847732
          ],
          [
           -0.1522777242557007,
           0.024391096855872436,
           0.5876365227900229,
           0.4725740208915395,
           0.08690215279016557,
           0.10668462613371821,
           0.2287473276104963,
           0.4058653198132657,
           0.4045029880348203,
           0.6243736871984018,
           1,
           0.38545489686593554,
           0.07906339500343199,
           0.07034552302128133,
           -0.15680154556747997,
           -0.14228462013388626
          ],
          [
           0.0030798486027032897,
           0.09010664938735184,
           0.6861851766081181,
           0.6030920211765158,
           0.09604863511702942,
           0.11215753258199743,
           0.11747058920056572,
           0.26113395549750074,
           0.2592217006359567,
           0.3008720260322671,
           0.38545489686593554,
           1,
           0.2461498859085644,
           0.19304424644896218,
           -0.14085328848109624,
           -0.12220226386038428
          ],
          [
           0.03044603001675268,
           0.01821436897491683,
           0.19207973830352937,
           0.1871100142453388,
           0.026656945612808045,
           0.031149748469481823,
           0.018705558557564825,
           0.04954269769549988,
           0.045603682957636164,
           0.05879537677492212,
           0.07906339500343199,
           0.2461498859085644,
           1,
           0.08909313773578813,
           -0.0641284990824327,
           -0.05495926222692558
          ],
          [
           0.02180008083555496,
           0.038182241087383655,
           0.18010050671971586,
           0.17460233972215544,
           0.019485676678440866,
           0.02056000251599043,
           0.022972015839727147,
           0.04555747467591882,
           0.054709658215193545,
           0.060400812581506674,
           0.07034552302128133,
           0.19304424644896218,
           0.08909313773578813,
           1,
           -0.02498018408815526,
           -0.01951402043953874
          ],
          [
           0.2912541305576885,
           0.1100208031473581,
           0.10922117549494202,
           0.22385615450434515,
           -0.0023549004926497466,
           -0.00883605428522273,
           0.03765714021973257,
           -0.00018148651868221287,
           0.009203789617588071,
           -0.13846302460819637,
           -0.15680154556747997,
           -0.14085328848109624,
           -0.0641284990824327,
           -0.02498018408815526,
           1,
           0.838437489011553
          ],
          [
           0.25758488421705616,
           0.122987972784056,
           0.11463914247389533,
           0.22131171591741405,
           -0.001466485658726334,
           -0.003176461785058307,
           0.06963356655252526,
           0.02366765693403681,
           0.03614575898778299,
           -0.12571183730847732,
           -0.14228462013388626,
           -0.12220226386038428,
           -0.05495926222692558,
           -0.01951402043953874,
           0.838437489011553,
           1
          ]
         ]
        }
       ],
       "layout": {
        "coloraxis": {
         "colorscale": [
          [
           0,
           "#440154"
          ],
          [
           0.1111111111111111,
           "#482878"
          ],
          [
           0.2222222222222222,
           "#3e4989"
          ],
          [
           0.3333333333333333,
           "#31688e"
          ],
          [
           0.4444444444444444,
           "#26828e"
          ],
          [
           0.5555555555555556,
           "#1f9e89"
          ],
          [
           0.6666666666666666,
           "#35b779"
          ],
          [
           0.7777777777777778,
           "#6ece58"
          ],
          [
           0.8888888888888888,
           "#b5de2b"
          ],
          [
           1,
           "#fde725"
          ]
         ]
        },
        "height": 600,
        "margin": {
         "t": 60
        },
        "template": {
         "data": {
          "bar": [
           {
            "error_x": {
             "color": "#2a3f5f"
            },
            "error_y": {
             "color": "#2a3f5f"
            },
            "marker": {
             "line": {
              "color": "#E5ECF6",
              "width": 0.5
             },
             "pattern": {
              "fillmode": "overlay",
              "size": 10,
              "solidity": 0.2
             }
            },
            "type": "bar"
           }
          ],
          "barpolar": [
           {
            "marker": {
             "line": {
              "color": "#E5ECF6",
              "width": 0.5
             },
             "pattern": {
              "fillmode": "overlay",
              "size": 10,
              "solidity": 0.2
             }
            },
            "type": "barpolar"
           }
          ],
          "carpet": [
           {
            "aaxis": {
             "endlinecolor": "#2a3f5f",
             "gridcolor": "white",
             "linecolor": "white",
             "minorgridcolor": "white",
             "startlinecolor": "#2a3f5f"
            },
            "baxis": {
             "endlinecolor": "#2a3f5f",
             "gridcolor": "white",
             "linecolor": "white",
             "minorgridcolor": "white",
             "startlinecolor": "#2a3f5f"
            },
            "type": "carpet"
           }
          ],
          "choropleth": [
           {
            "colorbar": {
             "outlinewidth": 0,
             "ticks": ""
            },
            "type": "choropleth"
           }
          ],
          "contour": [
           {
            "colorbar": {
             "outlinewidth": 0,
             "ticks": ""
            },
            "colorscale": [
             [
              0,
              "#0d0887"
             ],
             [
              0.1111111111111111,
              "#46039f"
             ],
             [
              0.2222222222222222,
              "#7201a8"
             ],
             [
              0.3333333333333333,
              "#9c179e"
             ],
             [
              0.4444444444444444,
              "#bd3786"
             ],
             [
              0.5555555555555556,
              "#d8576b"
             ],
             [
              0.6666666666666666,
              "#ed7953"
             ],
             [
              0.7777777777777778,
              "#fb9f3a"
             ],
             [
              0.8888888888888888,
              "#fdca26"
             ],
             [
              1,
              "#f0f921"
             ]
            ],
            "type": "contour"
           }
          ],
          "contourcarpet": [
           {
            "colorbar": {
             "outlinewidth": 0,
             "ticks": ""
            },
            "type": "contourcarpet"
           }
          ],
          "heatmap": [
           {
            "colorbar": {
             "outlinewidth": 0,
             "ticks": ""
            },
            "colorscale": [
             [
              0,
              "#0d0887"
             ],
             [
              0.1111111111111111,
              "#46039f"
             ],
             [
              0.2222222222222222,
              "#7201a8"
             ],
             [
              0.3333333333333333,
              "#9c179e"
             ],
             [
              0.4444444444444444,
              "#bd3786"
             ],
             [
              0.5555555555555556,
              "#d8576b"
             ],
             [
              0.6666666666666666,
              "#ed7953"
             ],
             [
              0.7777777777777778,
              "#fb9f3a"
             ],
             [
              0.8888888888888888,
              "#fdca26"
             ],
             [
              1,
              "#f0f921"
             ]
            ],
            "type": "heatmap"
           }
          ],
          "heatmapgl": [
           {
            "colorbar": {
             "outlinewidth": 0,
             "ticks": ""
            },
            "colorscale": [
             [
              0,
              "#0d0887"
             ],
             [
              0.1111111111111111,
              "#46039f"
             ],
             [
              0.2222222222222222,
              "#7201a8"
             ],
             [
              0.3333333333333333,
              "#9c179e"
             ],
             [
              0.4444444444444444,
              "#bd3786"
             ],
             [
              0.5555555555555556,
              "#d8576b"
             ],
             [
              0.6666666666666666,
              "#ed7953"
             ],
             [
              0.7777777777777778,
              "#fb9f3a"
             ],
             [
              0.8888888888888888,
              "#fdca26"
             ],
             [
              1,
              "#f0f921"
             ]
            ],
            "type": "heatmapgl"
           }
          ],
          "histogram": [
           {
            "marker": {
             "pattern": {
              "fillmode": "overlay",
              "size": 10,
              "solidity": 0.2
             }
            },
            "type": "histogram"
           }
          ],
          "histogram2d": [
           {
            "colorbar": {
             "outlinewidth": 0,
             "ticks": ""
            },
            "colorscale": [
             [
              0,
              "#0d0887"
             ],
             [
              0.1111111111111111,
              "#46039f"
             ],
             [
              0.2222222222222222,
              "#7201a8"
             ],
             [
              0.3333333333333333,
              "#9c179e"
             ],
             [
              0.4444444444444444,
              "#bd3786"
             ],
             [
              0.5555555555555556,
              "#d8576b"
             ],
             [
              0.6666666666666666,
              "#ed7953"
             ],
             [
              0.7777777777777778,
              "#fb9f3a"
             ],
             [
              0.8888888888888888,
              "#fdca26"
             ],
             [
              1,
              "#f0f921"
             ]
            ],
            "type": "histogram2d"
           }
          ],
          "histogram2dcontour": [
           {
            "colorbar": {
             "outlinewidth": 0,
             "ticks": ""
            },
            "colorscale": [
             [
              0,
              "#0d0887"
             ],
             [
              0.1111111111111111,
              "#46039f"
             ],
             [
              0.2222222222222222,
              "#7201a8"
             ],
             [
              0.3333333333333333,
              "#9c179e"
             ],
             [
              0.4444444444444444,
              "#bd3786"
             ],
             [
              0.5555555555555556,
              "#d8576b"
             ],
             [
              0.6666666666666666,
              "#ed7953"
             ],
             [
              0.7777777777777778,
              "#fb9f3a"
             ],
             [
              0.8888888888888888,
              "#fdca26"
             ],
             [
              1,
              "#f0f921"
             ]
            ],
            "type": "histogram2dcontour"
           }
          ],
          "mesh3d": [
           {
            "colorbar": {
             "outlinewidth": 0,
             "ticks": ""
            },
            "type": "mesh3d"
           }
          ],
          "parcoords": [
           {
            "line": {
             "colorbar": {
              "outlinewidth": 0,
              "ticks": ""
             }
            },
            "type": "parcoords"
           }
          ],
          "pie": [
           {
            "automargin": true,
            "type": "pie"
           }
          ],
          "scatter": [
           {
            "fillpattern": {
             "fillmode": "overlay",
             "size": 10,
             "solidity": 0.2
            },
            "type": "scatter"
           }
          ],
          "scatter3d": [
           {
            "line": {
             "colorbar": {
              "outlinewidth": 0,
              "ticks": ""
             }
            },
            "marker": {
             "colorbar": {
              "outlinewidth": 0,
              "ticks": ""
             }
            },
            "type": "scatter3d"
           }
          ],
          "scattercarpet": [
           {
            "marker": {
             "colorbar": {
              "outlinewidth": 0,
              "ticks": ""
             }
            },
            "type": "scattercarpet"
           }
          ],
          "scattergeo": [
           {
            "marker": {
             "colorbar": {
              "outlinewidth": 0,
              "ticks": ""
             }
            },
            "type": "scattergeo"
           }
          ],
          "scattergl": [
           {
            "marker": {
             "colorbar": {
              "outlinewidth": 0,
              "ticks": ""
             }
            },
            "type": "scattergl"
           }
          ],
          "scattermapbox": [
           {
            "marker": {
             "colorbar": {
              "outlinewidth": 0,
              "ticks": ""
             }
            },
            "type": "scattermapbox"
           }
          ],
          "scatterpolar": [
           {
            "marker": {
             "colorbar": {
              "outlinewidth": 0,
              "ticks": ""
             }
            },
            "type": "scatterpolar"
           }
          ],
          "scatterpolargl": [
           {
            "marker": {
             "colorbar": {
              "outlinewidth": 0,
              "ticks": ""
             }
            },
            "type": "scatterpolargl"
           }
          ],
          "scatterternary": [
           {
            "marker": {
             "colorbar": {
              "outlinewidth": 0,
              "ticks": ""
             }
            },
            "type": "scatterternary"
           }
          ],
          "surface": [
           {
            "colorbar": {
             "outlinewidth": 0,
             "ticks": ""
            },
            "colorscale": [
             [
              0,
              "#0d0887"
             ],
             [
              0.1111111111111111,
              "#46039f"
             ],
             [
              0.2222222222222222,
              "#7201a8"
             ],
             [
              0.3333333333333333,
              "#9c179e"
             ],
             [
              0.4444444444444444,
              "#bd3786"
             ],
             [
              0.5555555555555556,
              "#d8576b"
             ],
             [
              0.6666666666666666,
              "#ed7953"
             ],
             [
              0.7777777777777778,
              "#fb9f3a"
             ],
             [
              0.8888888888888888,
              "#fdca26"
             ],
             [
              1,
              "#f0f921"
             ]
            ],
            "type": "surface"
           }
          ],
          "table": [
           {
            "cells": {
             "fill": {
              "color": "#EBF0F8"
             },
             "line": {
              "color": "white"
             }
            },
            "header": {
             "fill": {
              "color": "#C8D4E3"
             },
             "line": {
              "color": "white"
             }
            },
            "type": "table"
           }
          ]
         },
         "layout": {
          "annotationdefaults": {
           "arrowcolor": "#2a3f5f",
           "arrowhead": 0,
           "arrowwidth": 1
          },
          "autotypenumbers": "strict",
          "coloraxis": {
           "colorbar": {
            "outlinewidth": 0,
            "ticks": ""
           }
          },
          "colorscale": {
           "diverging": [
            [
             0,
             "#8e0152"
            ],
            [
             0.1,
             "#c51b7d"
            ],
            [
             0.2,
             "#de77ae"
            ],
            [
             0.3,
             "#f1b6da"
            ],
            [
             0.4,
             "#fde0ef"
            ],
            [
             0.5,
             "#f7f7f7"
            ],
            [
             0.6,
             "#e6f5d0"
            ],
            [
             0.7,
             "#b8e186"
            ],
            [
             0.8,
             "#7fbc41"
            ],
            [
             0.9,
             "#4d9221"
            ],
            [
             1,
             "#276419"
            ]
           ],
           "sequential": [
            [
             0,
             "#0d0887"
            ],
            [
             0.1111111111111111,
             "#46039f"
            ],
            [
             0.2222222222222222,
             "#7201a8"
            ],
            [
             0.3333333333333333,
             "#9c179e"
            ],
            [
             0.4444444444444444,
             "#bd3786"
